163123
28
1028
30
12142812
11
2818
26
1914
14282619
23
1028163419
142510
2614
2219
182322
12
33
18241110
2213
1632
35
11
10
1019
2610
30
10
353414
1914
343134
1619
26
103123
28
163112
1023
3119
133111
30
34151019
10
23
341012
302328
2819
1126
34191814
1210
23
2619
22
10
2019
19
12241710
2624
10
142823
191633
14
121023
1428
35
19
10
2623
191832
3023
23
10162223
2311
10
23
2619
2610
2624
2419
1019
1814
11
10
10282619
1010
18
1223
123423
26
24
1023
1610101123
10
123410
331128
26
111311
33281910
22
28
261414
1023
3030
10
3417
28
331311
26
22152219
18102811
11122619
2614
26
10
23
222819
12
1223
12352810
14
23
3416
1223
141619
283214
15
322428
35
10
1828
2624
10
23
30101023
10
1723
14
1619
15
18112812
23
221410103119
10
23
2219
302819
28
1119
19
1134
2210
22
35
163123
28
1028
30
12142812
11
2818
26
1914
14282619
23
1028163419
142510
2614
2219
182322
12
33
18241110
2213
1632
35
11
10
1019
2610
30
10
353414
1914
343134
1619
26
103123
28
163112
1023
3119
133111
30
34151019
10
23
341012
302328
2819
1126
34191814
1210
23
2619
22
10
2019
19
12241710
2624
10
142823
191633
14
121023
1428
35
19
10
2623
191832
3023
23
10162223
2311
10
23
2619
2610
2624
2419
1019
1814
11
10
10282619
1010
18
1223
123423
26
24
1023
1610101123
10
123410
331128
26
111311
33281910
22
28
261414
1023
3030
10
3417
28
331311
26
22152219
18102811
11122619
2614
26
10
23
222819
12
1223
12352810
14
23
3416
1223
141619
283214
15
322428
35
10
1828
2624
10
23
30101023
10
1723
14
1619
15
18112812
23
221410103119
10
23
2219
302819
28
1119
19
1134
2210
22
35
163123
28
1028
30
12142812
11
2818
26
1914
14282619
23
1028163419
142510
2614
2219
182322
12
33
18241110
2213
1632
35
11
10
1019
2610
30
10
353414
1914
343134
1619
26
103123
28
163112
1023
3119
133111
30
34151019
10
23
341012
302328
2819
1126
34191814
1210
23
2619
22
10
2019
19
12241710
2624
10
142823
191633
14
121023
1428
35
19
10
2623
191832
3023
23
10162223
2311
10
23
2619
2610
2624
2419
1019
1814
11
10
10282619
1010
18
1223
123423
26
24
1023
1610101123
10
123410
331128
26
111311
33281910
22
28
261414
1023
3030
10
3417
28
331311
26
22152219
18102811
11122619
2614
26
10
23
222819
12
1223
12352810
14
23
3416
1223
141619
283214
15
322428
35
10
1828
2624
10
23
30101023
10
1723
14
1619
15
18112812
23
221410103119
10
23
2219
302819
28
1119
19
1134
2210
22
35
